1.34762658556 
0.876246937145 
0.415368367919 
1.43593847223 
1.07967765713 
0.393730301373 
1.54436765699 
1.38791285758 
1.21890251134 
-0.00310464995029 
1.52805485006 
0.956327573616 
0.81263334139 
0.457405701957 
0.866047929798 
0.832304191083 
1.31430046159 
0.838744278643 
0.443125691563 
1.52240569244 
1.277797945 
1.21739784788 
1.38719330315 
0.860790203336 
1.49147663915 
1.03859379223 
0.891977937676 
-0.0638574749909 
0.774011947597 
1.1968730077 
-0.0619159682637 
1.33666567309 
1.08102547897 
0.874499946561 
1.63128422515 
1.15345926048 
1.33994862798 
0.994169832165 
0.963981697668 
1.04660393847 
0.942248533421 
1.50008576377 
0.820421217076 
0.805712631696 
1.17561558675 
1.31891170779 
0.821825862353 
0.36850192048 
1.24882979008 
-0.0141337370619 
0.998922481585 
0.773030511005 
0.322414565308 
1.45313615416 
0.377192453242 
1.24031376134 
1.53578199163 
0.807986717673 
1.29142839822 
1.03669525249 
0.505352324984 
1.46513812143 
1.45886037245 
0.935409186561 
1.37047245881 
-0.0636013515959 
0.904563518002 
0.841989563151 
0.824405098515 
1.2273365575 
0.944285138135 
0.936680299989 
1.32895834397 
1.24430570683 
0.810032078419 
0.847566305875 
0.395386991829 
0.881922988128 
1.2791478989 
1.27805979006 
1.31566663923 
0.301636330877 
1.27272629543 
0.830491066289 
1.28539232039 
0.935645296178 
1.03126977919 
1.47961676562 
1.4798455203 
1.01711776317 
0.807798050101 
1.37264673351 
0.826895345482 
-0.0214411237005 
1.22064018651 
0.889991403233 
-0.750095389829 
1.32725042442 
1.61983315632 
0.297615896862 
1.0020557288 
1.26248379693 
-0.240952634416 
1.49533004693 
1.25557241293 
1.35527245609 
0.710754823723 
0.990871143146 
1.48230667829 
1.41745741912 
1.20485145576 
0.299795253057 
0.295663291186 
0.852531467902 
-0.396545597933 
1.22319548503 
1.42517698075 
1.10986998719 
1.30249132335 
1.43231375427 
1.60422838379 
1.24491830049 
1.04288315504 
-0.0665087928474 
1.41010671905 
1.29785914209 
0.853008679467 
1.62705690432 
0.684638399603 
0.882669807231 
1.61550069792 
0.912556037849 
0.396617283234 
0.360584769171 
1.63268685263 
1.32097400119 
1.53248674379 
1.07820834397 
1.40011549866 
0.315658061598 
1.48860431159 
0.854896332913 
0.964975122283 
1.11756838832 
0.936966948334 
0.744279987402 
1.16111950067 
1.51326043058 
1.17568565578 
1.22962356243 
1.46954789284 
1.1529568692 
0.322827119276 
0.762505501174 
1.37810378417 
0.331166152573 
1.33490507589 
-0.0745627952714 
1.49514712368 
0.377598009993 
0.979099361163 
1.07479373429 
0.804496918958 
1.46248273553 
1.32929923792 
1.2832064708 
1.08208967968 
-0.02789945138 
1.11719553585 
0.824008527228 
1.47908935306 
1.43358745657 
1.24829652137 
1.13899942372 
1.47083191089 
0.933239500873 
0.460919820237 
1.58071640234 
0.903750674579 
0.909591869338 
-0.716841561057 
1.59830659334 
1.18924553902 
1.38820353528 
1.31075006321 
0.786068802242 
0.321655563236 
0.96772941937 
1.45210017008 
0.813816241219 
1.56585251003 
0.944547854995 
0.35390783009 
1.26839225124 
0.301571464554 
0.917672910104 
0.72853273046 
0.935986757575 
1.02886107939 
1.20015455896 
0.853497793407 
1.42160337755 
0.00472278277615 
1.46442049411 
0.845906209926 
0.854303957587 
1.10135723136 
1.57168027906 
0.317052684905 
1.47052191191 
1.07320930201 
0.683012268743 
0.86235161384 
0.362066500978 
0.881441205947 
1.40372765318 
0.354772734977 
1.46462431854 
1.49535839928 
1.37931699911 
1.62274883546 
1.00132465358 
1.13181037299 
1.49863396755 
0.333505938556 
0.316949468513 
0.856534232254 
1.29934711381 
0.656520395763 
1.18048966405 
0.944119208397 
1.29322016412 
0.800736848802 
1.49723975351 
1.51043270101 
0.835706353264 
1.1145316443 
1.45266053958 
1.37711447881 
0.929082409225 
1.1089356734 
1.25645067002 
2.7441662814 
1.38884118677 
1.31307851416 
1.45543129261 
1.0562680937 
-0.0388866656373 
1.45441804531 
1.48592554753 
0.400327252181 
1.49632764866 
1.62734298018 
0.689246586457 
0.734893632861 
1.58057765418 
1.3329164897 
0.838116957301 
1.12037008819 
1.40829983308 
1.42849364537 
-0.0669696123209 
1.47304086419 
1.50943648453 
-0.460888531378 
0.502053993841 
1.55072337752 
1.39377658385 
1.32128660494 
1.41852803352 
0.912267372317 
0.734448632897 
0.79086948171 
0.85646190758 
0.771471869003 
0.379318080337 
1.48259856441 
1.42925379973 
0.794008787999 
-0.0119959716973 
0.694835991293 
0.987338115965 
0.448634063885 
1.53935107821 
1.24891879105 
1.5276870066 
1.43475526076 
1.36020723526 
0.31910066374 
0.715060839486 
1.00025469372 
1.30296081026 
-0.0222893972392 
0.795469501235 
1.46062037045 
1.53433150648 
0.70683562217 
1.40704822781 
1.01810309797 
1.30029193962 
0.840314365274 
0.851018960754 
1.33974139859 
1.26744231732 
1.56912075051 
0.8819269801 
1.39863613402 
-0.00638974948901 
0.787126215781 
-0.318473405185 
1.37080984914 
0.88510318534 
-0.0555980973184 
1.11869838126 
0.864050894385 
1.50705925678 
-0.0328843195459 
1.31181143883 
0.418786392828 
1.00611620704 
1.11817847625 
1.23010536991 
1.43432570883 
1.24945344176 
0.867311896849 
0.832017653372 
1.31351125805 
1.01337435476 
1.35849031768 
0.709810911458 
0.899342049729 
1.4112584507 
0.929446761789 
1.39285090418 
1.01475176789 
0.368613846173 
0.860507910737 
0.704053378876 
0.464470215754 
1.59503617761 
0.897276222677 
1.1334489234 
0.500742554951 
1.19478291922 
0.314778965148 
1.25920038919 
1.35588613511 
0.818819623123 
1.24802530436 
1.58524152574 
0.886168142349 
1.50422669328 
0.759133014466 
1.61421610232 
-0.0323506717919 
1.51456137056 
1.51070969772 
1.50938317465 
0.298009300954 
0.805215886301 
1.51901010857 
1.30744935403 
1.60969482539 
1.04414576413 
0.962671062572 
0.784847902095 
0.95127527777 
0.320084561274 
1.54378120272 
0.337716824396 
1.36617739926 
-0.653270654423 
1.47760849911 
0.782264090971 
1.4161600349 
1.33752243981 
1.05542931149 
1.32777287986 
0.782495238966 
0.998121492873 
1.39844306316 
1.18628451637 
1.00876852103 
0.962900363796 
1.30423377513 
0.702533818218 
0.928810869138 
1.3661947032 
0.834045188372 
0.819891627978 
1.34839484535 
-0.0230513935437 
1.2914910824 
0.80258598884 
1.06515855304 
1.41573809796 
0.726421355217 
0.723652317691 
1.38572716855 
1.23562780881 
1.25398281838 
1.28835603909 
0.873324040662 
0.705731116596 
1.25564566091 
1.318778518 
0.489266869306 
1.47018076566 
0.828181347101 
0.587924929041 
1.29307593166 
0.437557252819 
0.987206254018 
1.2669318697 
1.40762556672 
0.708936063468 
0.842582856339 
1.02749113167 
0.863730538767 
0.950427966366 
1.60200306161 
1.13010625251 
1.23787736943 
-0.541914052115 
0.834208969399 
0.334291979763 
1.60598697907 
1.35204868565 
0.941660772486 
0.805985153371 
1.48697386673 
0.358877962185 
0.354211681346 
0.822683565896 
1.41432585964 
1.32759520258 
1.48517789464 
1.32626076703 
1.43681541068 
1.59638262611 
1.57819099849 
1.49284501851 
1.42544888277 
0.79450250986 
-0.0472729879676 
0.525259021747 
1.2553231045 
1.31383235261 
0.320012337759 
0.824845604075 
1.43309316576 
1.23694616446 
0.434064930293 
-0.623231617415 
0.728435676154 
-0.0487596427354 
0.851524131561 
-0.0426937152575 
-0.441521974628 
0.442335109176 
1.42512908971 
0.9020792708 
0.301584638998 
1.3381251845 
1.35505756611 
1.62743419293 
1.3891214419 
1.40289140558 
1.37907467188 
1.2363535535 
0.744844857483 
1.39468631633 
0.909181210123 
0.344804878751 
0.990725088915 
1.50095739746 
0.31464689549 
1.29166678009 
1.49010255685 
1.26363979566 
-0.0966538288729 
1.51502654756 
1.31696104504 
1.40772733047 
1.35490848165 
1.10560240317 
1.62463657246 
0.985453852799 
0.769994391953 
0.739866995531 
0.747016371004 
1.36073294716 
1.53174934611 
1.38666711928 
0.767843323557 
0.295447534235 
0.82431845064 
1.03357206954 
0.830338216722 
1.16828228681 
0.878569932871 
1.56073509736 
1.22739161244 
0.908189188404 
1.2091471007 
0.346093601193 
1.22622465022 
1.28937952037 
0.393203443505 
0.757502709997 
0.82552577169 
0.95548438497 
0.825812213704 
-0.741847396863 
-0.0522604772553 
0.96283762649 
0.759010289752 
0.714235307822 
1.25164779805 
0.966057462408 
1.36932282225 
1.34146622511 
0.853510753659 
1.30083041889 
1.27132664408 
1.34765022809 
1.27070594647 
1.546550665 
-0.692770248277 
1.32635361702 
0.819226009925 
0.952724481999 
0.723680233685 
1.39971056239 
0.800877544743 
1.43869383755 
0.331379644894 
1.26096337629 
0.764058042368 
0.705806754252 
1.16966831873 
0.7066740022 
1.40717427714 
1.24442909918 
0.37957788494 
1.22932155264 
1.536106788 
1.4001683193 
0.837942893613 
1.28101454371 
1.43596403771 
1.51530855618 
1.62824201448 
1.18335221429 
0.721604724827 
0.40648820814 
0.292688044951 
0.924629072451 
1.37295895813 
0.811810629278 
0.438193027054 
1.3732013656 
1.45522931669 
1.00322145877 
1.42958839753 
-0.71958389921 
0.976228536529 
1.03091967676 
1.30133052176 
0.440474034747 
-0.0482147166743 
0.315513090247 
0.952291531568 
1.40954743333 
0.823982072897 
1.37120575351 
1.5371374867 
-0.118578207679 
0.957475787955 
1.03971283883 
1.31022872381 
1.15677380689 
0.328279868321 
0.927327006054 
1.6162819837 
1.05291535746 
0.666292169063 
0.288100261173 
0.984193618036 
0.507310375661 
1.31901345833 
1.60729453257 
0.388735850838 
0.682617975542 
1.2650824107 
1.42150610962 
0.820726146274 
0.739611332683 
1.22484042162 
0.976764903136 
0.701803602109 
0.816803420793 
1.37816320062 
0.769566310998 
1.44663828517 
0.343749686917 
0.319086668807 
0.795726233798 
1.25768184396 
1.42040081967 
1.23984854132 
1.28821725505 
1.38169793916 
0.962878962482 
1.42878256342 
0.423807868288 
1.00585486485 
1.50620041153 
1.18273977511 
-0.613556274842 
0.365387568495 
1.18132424512 
1.4143419423 
0.999296644497 
0.810428056863 
0.347118290769 
1.04629513549 
0.875064177688 
1.40500912459 
0.893741193533 
0.334366650238 
1.43082785377 
1.15552364973 
0.916600996331 
0.980020430686 
-0.0194494444519 
1.4500376404 
1.28216833957 
1.12565464202 
1.51752020716 
1.31717316005 
1.40439451505 
0.470340875515 
0.835951145694 
0.842120621087 
0.80815542466 
-0.055279280963 
1.50447019353 
1.16466177346 
1.32595881203 
1.47657685196 
0.804889915559 
0.814604006449 
1.43363890988 
1.30335640992 
0.698673000669 
1.27490042525 
1.21690915036 
1.41093035513 
1.28301140195 
1.26161407693 
-0.0324318262028 
1.09544558671 
0.888656497163 
1.28669910548 
0.443005001677 
1.26193086546 
0.291485945825 
-0.751691461633 
0.69872526299 
0.866723467695 
0.828760552706 
1.1956154998 
1.44867298225 
1.55134707274 
0.774971166441 
0.987101670435 
0.825903858119 
0.297257146979 
1.41229195924 
0.850916491952 
1.53547197221 
1.28473836866 
1.47823090997 
1.55842378207 
0.308882275427 
1.40525713317 
0.325896979906 
0.819652318872 
1.11907253494 
1.50954469498 
1.30069506819 
1.17363555737 
1.32175013112 
1.19936384432 
0.815194303742 
-0.0628736627669 
1.27821863494 
0.728104984695 
0.996357526503 
0.981818127192 
1.28727514251 
1.4972711963 
1.36130838695 
0.322855021809 
0.85529101545 
1.32349899701 
0.320447909746 
1.30554845838 
0.827010566948 
1.39263507262 
0.923913080869 
0.951888921182 
1.54966076747 
0.807683490796 
1.48207137764 
1.51133326335 
1.45974005914 
0.657688567301 
1.4785092439 
1.49602201582 
0.883150527722 
1.3983291413 
1.22929268071 
1.15935271978 
1.11137253351 
0.672532554411 
1.50644434463 
0.739038341805 
1.24746292911 
1.14357312279 
0.897110195678 
1.00276013388 
1.41669528995 
1.25407178601 
1.48753456818 
1.2918225659 
1.539563782 
1.03591806172 
0.889690717784 
1.59170908782 
0.829077949153 
1.28581310522 
0.756691201398 
0.333405550291 
1.3548529718 
1.54461643597 
0.767585074881 
1.10092414387 
0.377398065963 
1.23628089251 
1.32533338142 
1.2573389583 
1.25791209171 
1.53952078016 
1.4467464472 
0.779675909952 
1.59283976464 
0.959510239904 
1.35231834992 
0.913911813177 
1.01258022982 
1.01591133154 
0.456747246386 
1.42069704767 
0.314774113015 
0.372380126102 
0.758586610896 
1.07347621843 
1.27773052418 
1.00525730411 
1.41453081601 
0.321631956138 
1.15567603926 
1.18487632383 
1.30647184184 
1.46426567924 
0.727744633931 
0.327805062282 
1.02357153762 
0.444793357638 
0.791887439671 
0.295298495898 
0.923550638981 
0.699156582694 
0.69330987354 
1.052786895 
1.55746946845 
1.33255112744 
1.19213892754 
0.949393237062 
1.27975284918 
1.2667012378 
1.55854360274 
1.49731369482 
1.18397504286 
1.23370361491 
1.16695799674 
1.26795233085 
1.27860542843 
0.896010085368 
-0.367102912107 
0.923283033506 
1.2971419436 
1.40490057585 
1.10584772801 
1.40393098664 
1.39836421722 
1.4606722756 
1.33573660592 
1.2914494478 
0.974437264749 
1.25198279754 
1.39768195608 
1.50544635726 
1.49026146403 
1.51728436284 
0.697268212424 
0.702066578022 
1.44384722538 
1.41535237584 
1.20205299218 
0.599032751922 
0.454071327642 
0.995551300098 
0.412824382013 
0.989806842542 
1.10233881137 
1.36768316326 
0.723841226078 
1.60109576804 
1.1524617268 
1.31484325804 
1.00127418497 
1.02646657444 
1.56671591348 
0.802362508754 
0.832692779159 
0.749406558441 
1.02048762271 
1.24600746571 
-0.0134318796165 
1.38297692785 
1.47638259432 
0.695431989726 
1.27656249237 
0.442985699669 
0.347427456273 
0.303709812681 
0.925622800575 
0.832609035452 
1.01049286023 
1.5402501639 
1.62737515987 
1.25022047953 
0.738954497567 
1.40921406847 
1.3395601811 
1.52980275471 
0.820227881579 
1.10454914307 
0.373245053723 
0.780273749894 
1.54016173849 
0.284544330977 
0.99380554581 
0.422909078459 
0.947751513818 
1.14214776056 
1.38212087094 
1.11526635626 
1.37894640618 
0.79221006716 
1.25594328934 
1.14612708428 
1.46644440331 
0.366178745954 
0.662671052976 
0.738970942193 
1.24819192863 
1.4023088745 
0.552708711244 
0.371417762605 
1.02787951025 
0.326739529462 
1.48481713227 
1.25727119868 
0.865313314646 
-0.0157257824452 
1.48311460351 
0.935048757134 
0.821128989715 
1.12112889639 
1.40980663065 
1.39180276781 
0.3183651607 
0.798270892115 
1.09584134449 
1.21647599268 
-0.0259197569649 
0.875051404289 
0.356633019757 
0.973175101312 
0.899259962844 
1.24534393314 
0.949210284571 
0.978428466099 
1.05138695777 
1.51573973099 
1.02977966853 
1.3909310573 
0.803316612481 
1.59539496569 
1.38460283681 
1.27693405054 
0.929095039584 
0.75006791067 
1.28054409502 
0.945627636413 
0.392566345 
1.02210698391 
1.27895889699 
1.25215841311 
0.964118656896 
1.38008129637 
1.23840730648 
0.870874494546 
0.359357583681 
1.10516920332 
0.448590085195 
0.981066798888 
0.991515133322 
0.968694578512 
1.35482074863 
0.973995115378 
0.421343375633 
0.297276978974 
0.798282892488 
1.28274140056 
1.31614379266 
0.826760195502 
0.806335575723 
1.4248655548 
1.58799365557 
1.41786369279 
0.89053880705 
0.895124441566 
1.3261411336 
0.990615241975 
0.780336068013 
0.676267538004 
1.21401808975 
1.27474309934 
0.294294278813 
0.948862170376 
0.35943997603 
0.7453659561 
-0.0835121724765 
1.20469423672 
1.42119494866 
1.33862223277 
1.2826624473 
0.738478352392 
0.323636253825 
1.00963399633 
0.966840475 
0.724177538291 
1.41844221118 
1.37385608874 
1.02602200149 
0.364001052273 
0.707736985212 
0.940489531106 
0.995046592776 
1.35575930984 
0.956470489836 
0.301191928786 
1.39020739838 
0.920213351233 
-0.0172641547343 
1.37498338017 
0.874578515391 
1.13114924439 
0.47681437495 
1.44012980915 
0.688141939019 
0.339948143546 
1.41376292992 
1.36087113138 
1.50096884929 
0.832694605741 
1.34905932623 
1.55692762902 
0.84138278362 
1.34662013435 
0.895843751305 
1.38130623248 
1.56357649765 
1.53150506301 
0.826103596537 
